-6.283185 0.124512 
-6.276899 0.110740 
-6.270613 0.062603 
-6.264326 0.105893 
-6.258040 0.068318 
-6.251754 0.071022 
-6.245467 0.076694 
-6.239181 0.145552 
-6.232895 0.128243 
-6.226608 0.068060 
-6.220322 0.071199 
-6.214036 0.107904 
-6.207749 0.141354 
-6.201463 0.124275 
-6.195177 0.189710 
-6.188890 0.236592 
-6.182604 0.216505 
-6.176318 0.202085 
-6.170031 0.225950 
-6.163745 0.231179 
-6.157459 0.213300 
-6.151172 0.247588 
-6.144886 0.196732 
-6.138600 0.234876 
-6.132313 0.187415 
-6.126027 0.200042 
-6.119741 0.165618 
-6.113454 0.221014 
-6.107168 0.196379 
-6.100882 0.243026 
-6.094595 0.210434 
-6.088309 0.317996 
-6.082023 0.310688 
-6.075736 0.220795 
-6.069450 0.335207 
-6.063164 0.252317 
-6.056877 0.240422 
-6.050591 0.329919 
-6.044305 0.379801 
-6.038018 0.364903 
-6.031732 0.342300 
-6.025446 0.304136 
-6.019160 0.302574 
-6.012873 0.332189 
-6.006587 0.325629 
-6.000301 0.410791 
-5.994014 0.286081 
-5.987728 0.395645 
-5.981442 0.347895 
-5.975155 0.348930 
-5.968869 0.406382 
-5.962583 0.453311 
-5.956296 0.455059 
-5.950010 0.476622 
-5.943724 0.343912 
-5.937437 0.358343 
-5.931151 0.492043 
-5.924865 0.364238 
-5.918578 0.459506 
-5.912292 0.501793 
-5.906006 0.389572 
-5.899719 0.506799 
-5.893433 0.382924 
-5.887147 0.437170 
-5.880860 0.427305 
-5.874574 0.545020 
-5.868288 0.530086 
-5.862001 0.528018 
-5.855715 0.549612 
-5.849429 0.537298 
-5.843142 0.551455 
-5.836856 0.479821 
-5.830570 0.548731 
-5.824283 0.542638 
-5.817997 0.491969 
-5.811711 0.504806 
-5.805424 0.596088 
-5.799138 0.470203 
-5.792852 0.575374 
-5.786565 0.507772 
-5.780279 0.605596 
-5.773993 0.520207 
-5.767706 0.507898 
-5.761420 0.591337 
-5.755134 0.519423 
-5.748847 0.629131 
-5.742561 0.650110 
-5.736275 0.566928 
-5.729988 0.567648 
-5.723702 0.531766 
-5.717416 0.610446 
-5.711129 0.689634 
-5.704843 0.657328 
-5.698557 0.598498 
-5.692270 0.647182 
-5.685984 0.679582 
-5.679698 0.584247 
-5.673411 0.659581 
-5.667125 0.708380 
-5.660839 0.686410 
-5.654552 0.624485 
-5.648266 0.644521 
-5.641980 0.679978 
-5.635693 0.613324 
-5.629407 0.669757 
-5.623121 0.648795 
-5.616834 0.691468 
-5.610548 0.743961 
-5.604262 0.684633 
-5.597976 0.710532 
-5.591689 0.651880 
-5.585403 0.778884 
-5.579117 0.678469 
-5.572830 0.709413 
-5.566544 0.755898 
-5.560258 0.775339 
-5.553971 0.692244 
-5.547685 0.748565 
-5.541399 0.824907 
-5.535112 0.786369 
-5.528826 0.696907 
-5.522540 0.695886 
-5.516253 0.767603 
-5.509967 0.765432 
-5.503681 0.775947 
-5.497394 0.732268 
-5.491108 0.765912 
-5.484822 0.848323 
-5.478535 0.832241 
-5.472249 0.787448 
-5.465963 0.865352 
-5.459676 0.747681 
-5.453390 0.764992 
-5.447104 0.884010 
-5.440817 0.761349 
-5.434531 0.808597 
-5.428245 0.797916 
-5.421958 0.769606 
-5.415672 0.791914 
-5.409386 0.829396 
-5.403099 0.814733 
-5.396813 0.880104 
-5.390527 0.814699 
-5.384240 0.926593 
-5.377954 0.832387 
-5.371668 0.813672 
-5.365381 0.877596 
-5.359095 0.916654 
-5.352809 0.868426 
-5.346522 0.954958 
-5.340236 0.874782 
-5.333950 0.858637 
-5.327663 0.853592 
-5.321377 0.964351 
-5.315091 0.857239 
-5.308804 0.886696 
-5.302518 0.864548 
-5.296232 0.874854 
-5.289945 0.900566 
-5.283659 0.990875 
-5.277373 0.981252 
-5.271086 0.930510 
-5.264800 0.940712 
-5.258514 0.866415 
-5.252227 0.944287 
-5.245941 0.995732 
-5.239655 0.933683 
-5.233368 0.927092 
-5.227082 0.886113 
-5.220796 0.971357 
-5.214509 1.025319 
-5.208223 0.981283 
-5.201937 0.946817 
-5.195650 0.983704 
-5.189364 0.976699 
-5.183078 1.003014 
-5.176791 0.990220 
-5.170505 0.972439 
-5.164219 1.040356 
-5.157933 0.993178 
-5.151646 1.000906 
-5.145360 1.013122 
-5.139074 1.039485 
-5.132787 0.969876 
-5.126501 1.022292 
-5.120215 0.996513 
-5.113928 0.974984 
-5.107642 0.988101 
-5.101356 1.028441 
-5.095069 0.961695 
-5.088783 1.076847 
-5.082497 1.078639 
-5.076210 0.977971 
-5.069924 0.987527 
-5.063638 1.088411 
-5.057351 1.059434 
-5.051065 1.062434 
-5.044779 1.040121 
-5.038492 1.069015 
-5.032206 1.016507 
-5.025920 1.075843 
-5.019633 0.972170 
-5.013347 1.032043 
-5.007061 1.064287 
-5.000774 0.995926 
-4.994488 1.040258 
-4.988202 1.019536 
-4.981915 1.084161 
-4.975629 1.066181 
-4.969343 1.114598 
-4.963056 1.109270 
-4.956770 1.056728 
-4.950484 0.983817 
-4.944197 1.035326 
-4.937911 1.001804 
-4.931625 1.125409 
-4.925338 1.055470 
-4.919052 1.111513 
-4.912766 1.077229 
-4.906479 1.051162 
-4.900193 0.996709 
-4.893907 1.128744 
-4.887620 1.077703 
-4.881334 1.009163 
-4.875048 1.046555 
-4.868761 1.120174 
-4.862475 1.069610 
-4.856189 1.071230 
-4.849902 1.056928 
-4.843616 1.018964 
-4.837330 1.029590 
-4.831043 1.035736 
-4.824757 1.073120 
-4.818471 1.078354 
-4.812184 1.057296 
-4.805898 1.131483 
-4.799612 1.041970 
-4.793325 1.094192 
-4.787039 1.040532 
-4.780753 1.035952 
-4.774466 1.051801 
-4.768180 1.119332 
-4.761894 1.079614 
-4.755607 1.087576 
-4.749321 1.033989 
-4.743035 1.014822 
-4.736749 1.096400 
-4.730462 1.146857 
-4.724176 1.015189 
-4.717890 1.028165 
-4.711603 1.001407 
-4.705317 1.125721 
-4.699031 1.072112 
-4.692744 1.070087 
-4.686458 1.135946 
-4.680172 1.062053 
-4.673885 1.080880 
-4.667599 1.103848 
-4.661313 1.010553 
-4.655026 1.074768 
-4.648740 1.071010 
-4.642454 1.125938 
-4.636167 1.089257 
-4.629881 1.014210 
-4.623595 1.087091 
-4.617308 1.020110 
-4.611022 1.054721 
-4.604736 1.074065 
-4.598449 1.124798 
-4.592163 1.091637 
-4.585877 1.110152 
-4.579590 1.010099 
-4.573304 1.069089 
-4.567018 1.124374 
-4.560731 1.004885 
-4.554445 1.082738 
-4.548159 0.998671 
-4.541872 1.047182 
-4.535586 1.091306 
-4.529300 0.998349 
-4.523013 1.103614 
-4.516727 1.076591 
-4.510441 1.114388 
-4.504154 1.071671 
-4.497868 1.039270 
-4.491582 1.072855 
-4.485295 1.047715 
-4.479009 0.986954 
-4.472723 1.067016 
-4.466436 1.112445 
-4.460150 1.039813 
-4.453864 1.057189 
-4.447577 1.053864 
-4.441291 0.997267 
-4.435005 1.062040 
-4.428718 0.983517 
-4.422432 1.074394 
-4.416146 0.988398 
-4.409859 0.979954 
-4.403573 1.061557 
-4.397287 0.989193 
-4.391000 0.973213 
-4.384714 1.040660 
-4.378428 0.982363 
-4.372141 0.982119 
-4.365855 1.067145 
-4.359569 0.998015 
-4.353282 0.951898 
-4.346996 0.963062 
-4.340710 0.986179 
-4.334423 1.060597 
-4.328137 1.017045 
-4.321851 0.963421 
-4.315564 0.976057 
-4.309278 1.052976 
-4.302992 1.052441 
-4.296706 0.982033 
-4.290419 0.952612 
-4.284133 0.992764 
-4.277847 0.933890 
-4.271560 1.033354 
-4.265274 0.936495 
-4.258988 0.924178 
-4.252701 0.900199 
-4.246415 0.941749 
-4.240129 0.973817 
-4.233842 1.011344 
-4.227556 1.005390 
-4.221270 0.885467 
-4.214983 0.934549 
-4.208697 0.949587 
-4.202411 0.942663 
-4.196124 0.875926 
-4.189838 0.959099 
-4.183552 0.950099 
-4.177265 0.905027 
-4.170979 0.922333 
-4.164693 0.874221 
-4.158406 0.895394 
-4.152120 0.961318 
-4.145834 0.849050 
-4.139547 0.880789 
-4.133261 0.986380 
-4.126975 0.900525 
-4.120688 0.852911 
-4.114402 0.959405 
-4.108116 0.827622 
-4.101829 0.836733 
-4.095543 0.853335 
-4.089257 0.926006 
-4.082970 0.943116 
-4.076684 0.838166 
-4.070398 0.901900 
-4.064111 0.919943 
-4.057825 0.935653 
-4.051539 0.920618 
-4.045252 0.844657 
-4.038966 0.922236 
-4.032680 0.843290 
-4.026393 0.798167 
-4.020107 0.816265 
-4.013821 0.867930 
-4.007534 0.901814 
-4.001248 0.899726 
-3.994962 0.843362 
-3.988675 0.891683 
-3.982389 0.805777 
-3.976103 0.747122 
-3.969816 0.780805 
-3.963530 0.737257 
-3.957244 0.857849 
-3.950957 0.788731 
-3.944671 0.733419 
-3.938385 0.735786 
-3.932098 0.747005 
-3.925812 0.739724 
-3.919526 0.831970 
-3.913239 0.811943 
-3.906953 0.744504 
-3.900667 0.745967 
-3.894380 0.772906 
-3.888094 0.759343 
-3.881808 0.724480 
-3.875522 0.797995 
-3.869235 0.704958 
-3.862949 0.800495 
-3.856663 0.714145 
-3.850376 0.753371 
-3.844090 0.687377 
-3.837804 0.645509 
-3.831517 0.777571 
-3.825231 0.711713 
-3.818945 0.727408 
-3.812658 0.712951 
-3.806372 0.729516 
-3.800086 0.759124 
-3.793799 0.716092 
-3.787513 0.730532 
-3.781227 0.745678 
-3.774940 0.705765 
-3.768654 0.608674 
-3.762368 0.630611 
-3.756081 0.580859 
-3.749795 0.675576 
-3.743509 0.710036 
-3.737222 0.670387 
-3.730936 0.666328 
-3.724650 0.576770 
-3.718363 0.598631 
-3.712077 0.626237 
-3.705791 0.603730 
-3.699504 0.654474 
-3.693218 0.646389 
-3.686932 0.567301 
-3.680645 0.582576 
-3.674359 0.609012 
-3.668073 0.591777 
-3.661786 0.517206 
-3.655500 0.494507 
-3.649214 0.504866 
-3.642927 0.514088 
-3.636641 0.542445 
-3.630355 0.549713 
-3.624068 0.612532 
-3.617782 0.565998 
-3.611496 0.599808 
-3.605209 0.455247 
-3.598923 0.537086 
-3.592637 0.579963 
-3.586350 0.470728 
-3.580064 0.566967 
-3.573778 0.554191 
-3.567491 0.442337 
-3.561205 0.517499 
-3.554919 0.427887 
-3.548632 0.411664 
-3.542346 0.437229 
-3.536060 0.436631 
-3.529773 0.438350 
-3.523487 0.415267 
-3.517201 0.413925 
-3.510914 0.468725 
-3.504628 0.496811 
-3.498342 0.362398 
-3.492055 0.385263 
-3.485769 0.426845 
-3.479483 0.455762 
-3.473196 0.442883 
-3.466910 0.403195 
-3.460624 0.319088 
-3.454337 0.408077 
-3.448051 0.429032 
-3.441765 0.305504 
-3.435479 0.343788 
-3.429192 0.322359 
-3.422906 0.342507 
-3.416620 0.317483 
-3.410333 0.410506 
-3.404047 0.278941 
-3.397761 0.285991 
-3.391474 0.381298 
-3.385188 0.334449 
-3.378902 0.294812 
-3.372615 0.282386 
-3.366329 0.319835 
-3.360043 0.326680 
-3.353756 0.320331 
-3.347470 0.348152 
-3.341184 0.205162 
-3.334897 0.255757 
-3.328611 0.187283 
-3.322325 0.285320 
-3.316038 0.290696 
-3.309752 0.252094 
-3.303466 0.164661 
-3.297179 0.156094 
-3.290893 0.297092 
-3.284607 0.172774 
-3.278320 0.259803 
-3.272034 0.184214 
-3.265748 0.193024 
-3.259461 0.134103 
-3.253175 0.228540 
-3.246889 0.173118 
-3.240602 0.143413 
-3.234316 0.146351 
-3.228030 0.158695 
-3.221743 0.144749 
-3.215457 0.178621 
-3.209171 0.168787 
-3.202884 0.062284 
-3.196598 0.066826 
-3.190312 0.117794 
-3.184025 0.159050 
-3.177739 0.158653 
-3.171453 0.124564 
-3.165166 0.078303 
-3.158880 0.150411 
-3.152594 0.048640 
-3.146307 0.014633 
-3.140021 0.107501 
-3.133735 0.107162 
-3.127448 0.120605 
-3.121162 0.094595 
-3.114876 0.115319 
-3.108589 0.047363 
-3.102303 0.104688 
-3.096017 0.101168 
-3.089730 0.026476 
-3.083444 0.068688 
-3.077158 0.070314 
-3.070871 0.069022 
-3.064585 -0.008285 
-3.058299 0.030677 
-3.052012 0.051359 
-3.045726 0.025885 
-3.039440 0.037584 
-3.033153 -0.041183 
-3.026867 0.010609 
-3.020581 0.027450 
-3.014295 -0.071509 
-3.008008 -0.107572 
-3.001722 -0.015940 
-2.995436 -0.057579 
-2.989149 -0.007612 
-2.982863 -0.084695 
-2.976577 -0.126240 
-2.970290 -0.068732 
-2.964004 -0.039483 
-2.957718 -0.090280 
-2.951431 -0.140643 
-2.945145 -0.121610 
-2.938859 -0.140230 
-2.932572 -0.194911 
-2.926286 -0.124853 
-2.920000 -0.087932 
-2.913713 -0.142916 
-2.907427 -0.187111 
-2.901141 -0.103590 
-2.894854 -0.125096 
-2.888568 -0.133962 
-2.882282 -0.166569 
-2.875995 -0.178903 
-2.869709 -0.223590 
-2.863423 -0.192448 
-2.857136 -0.131861 
-2.850850 -0.214152 
-2.844564 -0.189965 
-2.838277 -0.226683 
-2.831991 -0.192701 
-2.825705 -0.278947 
-2.819418 -0.279357 
-2.813132 -0.307911 
-2.806846 -0.222230 
-2.800559 -0.206099 
-2.794273 -0.222024 
-2.787987 -0.234857 
-2.781700 -0.336495 
-2.775414 -0.279919 
-2.769128 -0.236918 
-2.762841 -0.243219 
-2.756555 -0.318932 
-2.750269 -0.340598 
-2.743982 -0.368421 
-2.737696 -0.289302 
-2.731410 -0.315507 
-2.725123 -0.403263 
-2.718837 -0.347870 
-2.712551 -0.350132 
-2.706264 -0.304054 
-2.699978 -0.302900 
-2.693692 -0.344633 
-2.687405 -0.417421 
-2.681119 -0.355375 
-2.674833 -0.341066 
-2.668546 -0.391343 
-2.662260 -0.429568 
-2.655974 -0.426948 
-2.649687 -0.323328 
-2.643401 -0.405724 
-2.637115 -0.359188 
-2.630828 -0.398358 
-2.624542 -0.371642 
-2.618256 -0.356441 
-2.611969 -0.407651 
-2.605683 -0.416476 
-2.599397 -0.419034 
-2.593110 -0.512073 
-2.586824 -0.386017 
-2.580538 -0.397272 
-2.574252 -0.433163 
-2.567965 -0.496122 
-2.561679 -0.496420 
-2.555393 -0.541765 
-2.549106 -0.480450 
-2.542820 -0.472313 
-2.536534 -0.459737 
-2.530247 -0.573959 
-2.523961 -0.553641 
-2.517675 -0.514726 
-2.511388 -0.535032 
-2.505102 -0.451567 
-2.498816 -0.459592 
-2.492529 -0.460730 
-2.486243 -0.578456 
-2.479957 -0.590453 
-2.473670 -0.533592 
-2.467384 -0.535341 
-2.461098 -0.524386 
-2.454811 -0.588180 
-2.448525 -0.579822 
-2.442239 -0.593191 
-2.435952 -0.629172 
-2.429666 -0.640253 
-2.423380 -0.575699 
-2.417093 -0.615101 
-2.410807 -0.518543 
-2.404521 -0.563588 
-2.398234 -0.590949 
-2.391948 -0.573795 
-2.385662 -0.539483 
-2.379375 -0.626478 
-2.373089 -0.558108 
-2.366803 -0.564969 
-2.360516 -0.578760 
-2.354230 -0.701301 
-2.347944 -0.659025 
-2.341657 -0.672948 
-2.335371 -0.627308 
-2.329085 -0.705587 
-2.322798 -0.674216 
-2.316512 -0.604885 
-2.310226 -0.701312 
-2.303939 -0.738649 
-2.297653 -0.597350 
-2.291367 -0.660658 
-2.285080 -0.718933 
-2.278794 -0.693936 
-2.272508 -0.653475 
-2.266221 -0.684083 
-2.259935 -0.706043 
-2.253649 -0.685245 
-2.247362 -0.752578 
-2.241076 -0.662330 
-2.234790 -0.664679 
-2.228503 -0.718311 
-2.222217 -0.681966 
-2.215931 -0.738363 
-2.209644 -0.693932 
-2.203358 -0.783414 
-2.197072 -0.733855 
-2.190785 -0.713679 
-2.184499 -0.794635 
-2.178213 -0.811721 
-2.171926 -0.774130 
-2.165640 -0.761344 
-2.159354 -0.718095 
-2.153068 -0.815636 
-2.146781 -0.703430 
-2.140495 -0.809013 
-2.134209 -0.788655 
-2.127922 -0.785365 
-2.121636 -0.706182 
-2.115350 -0.828806 
-2.109063 -0.726257 
-2.102777 -0.779116 
-2.096491 -0.816752 
-2.090204 -0.733136 
-2.083918 -0.789900 
-2.077632 -0.804852 
-2.071345 -0.756123 
-2.065059 -0.826196 
-2.058773 -0.737633 
-2.052486 -0.802886 
-2.046200 -0.773635 
-2.039914 -0.789950 
-2.033627 -0.864012 
-2.027341 -0.772388 
-2.021055 -0.770515 
-2.014768 -0.896825 
-2.008482 -0.813606 
-2.002196 -0.867390 
-1.995909 -0.798986 
-1.989623 -0.840386 
-1.983337 -0.797249 
-1.977050 -0.839938 
-1.970764 -0.831447 
-1.964478 -0.890499 
-1.958191 -0.871293 
-1.951905 -0.883667 
-1.945619 -0.802830 
-1.939332 -0.786802 
-1.933046 -0.841559 
-1.926760 -0.803469 
-1.920473 -0.792348 
-1.914187 -0.844572 
-1.907901 -0.823894 
-1.901614 -0.885046 
-1.895328 -0.875445 
-1.889042 -0.940202 
-1.882755 -0.831295 
-1.876469 -0.900984 
-1.870183 -0.828127 
-1.863896 -0.808582 
-1.857610 -0.886502 
-1.851324 -0.907455 
-1.845037 -0.954475 
-1.838751 -0.827203 
-1.832465 -0.860214 
-1.826178 -0.901854 
-1.819892 -0.823919 
-1.813606 -0.862093 
-1.807319 -0.873638 
-1.801033 -0.896397 
-1.794747 -0.843469 
-1.788460 -0.967378 
-1.782174 -0.907021 
-1.775888 -0.932390 
-1.769601 -0.951099 
-1.763315 -0.958868 
-1.757029 -0.847496 
-1.750742 -0.973255 
-1.744456 -0.841201 
-1.738170 -0.881042 
-1.731883 -0.985252 
-1.725597 -0.987310 
-1.719311 -0.860998 
-1.713025 -0.919809 
-1.706738 -0.865266 
-1.700452 -0.958513 
-1.694166 -0.871506 
-1.687879 -0.955867 
-1.681593 -0.844127 
-1.675307 -0.853859 
-1.669020 -0.912086 
-1.662734 -0.858872 
-1.656448 -0.901011 
-1.650161 -0.879838 
-1.643875 -0.912248 
-1.637589 -0.969006 
-1.631302 -0.862233 
-1.625016 -0.921302 
-1.618730 -0.849005 
-1.612443 -0.942534 
-1.606157 -0.968458 
-1.599871 -0.890085 
-1.593584 -0.952725 
-1.587298 -0.982227 
-1.581012 -0.866657 
-1.574725 -0.896024 
-1.568439 -0.859012 
-1.562153 -0.937388 
-1.555866 -0.877523 
-1.549580 -0.879049 
-1.543294 -0.945561 
-1.537007 -0.862357 
-1.530721 -0.955950 
-1.524435 -0.974175 
-1.518148 -0.930235 
-1.511862 -0.961841 
-1.505576 -0.997586 
-1.499289 -0.905143 
-1.493003 -0.897791 
-1.486717 -0.897417 
-1.480430 -0.893848 
-1.474144 -0.867735 
-1.467858 -0.989109 
-1.461571 -0.891925 
-1.455285 -0.907665 
-1.448999 -0.889060 
-1.442712 -0.857473 
-1.436426 -0.950957 
-1.430140 -0.979841 
-1.423853 -0.942183 
-1.417567 -0.869906 
-1.411281 -0.912553 
-1.404994 -0.920731 
-1.398708 -0.959968 
-1.392422 -0.944449 
-1.386135 -0.880416 
-1.379849 -0.859329 
-1.373563 -0.874784 
-1.367276 -0.892880 
-1.360990 -0.828962 
-1.354704 -0.907564 
-1.348417 -0.901373 
-1.342131 -0.932876 
-1.335845 -0.874260 
-1.329558 -0.909984 
-1.323272 -0.924528 
-1.316986 -0.877147 
-1.310699 -0.847689 
-1.304413 -0.819095 
-1.298127 -0.847048 
-1.291841 -0.871346 
-1.285554 -0.892233 
-1.279268 -0.934785 
-1.272982 -0.924295 
-1.266695 -0.849064 
-1.260409 -0.808788 
-1.254123 -0.854956 
-1.247836 -0.814609 
-1.241550 -0.913844 
-1.235264 -0.841703 
-1.228977 -0.894888 
-1.222691 -0.936213 
-1.216405 -0.814820 
-1.210118 -0.870757 
-1.203832 -0.920115 
-1.197546 -0.790884 
-1.191259 -0.870220 
-1.184973 -0.838299 
-1.178687 -0.888130 
-1.172400 -0.823650 
-1.166114 -0.864248 
-1.159828 -0.844547 
-1.153541 -0.853952 
-1.147255 -0.861570 
-1.140969 -0.868900 
-1.134682 -0.791224 
-1.128396 -0.867669 
-1.122110 -0.756826 
-1.115823 -0.759740 
-1.109537 -0.854356 
-1.103251 -0.859185 
-1.096964 -0.852008 
-1.090678 -0.849891 
-1.084392 -0.848083 
-1.078105 -0.816826 
-1.071819 -0.754184 
-1.065533 -0.782469 
-1.059246 -0.842906 
-1.052960 -0.747680 
-1.046674 -0.717918 
-1.040387 -0.840310 
-1.034101 -0.731448 
-1.027815 -0.820382 
-1.021528 -0.790366 
-1.015242 -0.801248 
-1.008956 -0.781170 
-1.002669 -0.793797 
-0.996383 -0.824666 
-0.990097 -0.735403 
-0.983810 -0.825210 
-0.977524 -0.798966 
-0.971238 -0.750714 
-0.964951 -0.780708 
-0.958665 -0.755485 
-0.952379 -0.725248 
-0.946092 -0.803765 
-0.939806 -0.674442 
-0.933520 -0.674974 
-0.927233 -0.787204 
-0.920947 -0.769563 
-0.914661 -0.790346 
-0.908374 -0.700007 
-0.902088 -0.678444 
-0.895802 -0.666872 
-0.889515 -0.744671 
-0.883229 -0.627867 
-0.876943 -0.696129 
-0.870656 -0.755382 
-0.864370 -0.733918 
-0.858084 -0.705851 
-0.851798 -0.620393 
-0.845511 -0.741902 
-0.839225 -0.690814 
-0.832939 -0.643800 
-0.826652 -0.611485 
-0.820366 -0.724702 
-0.814080 -0.608470 
-0.807793 -0.715091 
-0.801507 -0.673941 
-0.795221 -0.673197 
-0.788934 -0.572585 
-0.782648 -0.614339 
-0.776362 -0.625356 
-0.770075 -0.585699 
-0.763789 -0.674844 
-0.757503 -0.554436 
-0.751216 -0.603096 
-0.744930 -0.677096 
-0.738644 -0.648855 
-0.732357 -0.629275 
-0.726071 -0.658106 
-0.719785 -0.556913 
-0.713498 -0.650253 
-0.707212 -0.574725 
-0.700926 -0.572821 
-0.694639 -0.598329 
-0.688353 -0.546692 
-0.682067 -0.587286 
-0.675780 -0.487514 
-0.669494 -0.619680 
-0.663208 -0.530968 
-0.656921 -0.555378 
-0.650635 -0.549988 
-0.644349 -0.597499 
-0.638062 -0.492553 
-0.631776 -0.507394 
-0.625490 -0.470679 
-0.619203 -0.461686 
-0.612917 -0.538272 
-0.606631 -0.540132 
-0.600344 -0.509886 
-0.594058 -0.451793 
-0.587772 -0.535703 
-0.581485 -0.484782 
-0.575199 -0.541549 
-0.568913 -0.528063 
-0.562626 -0.426864 
-0.556340 -0.407640 
-0.550054 -0.386204 
-0.543767 -0.380545 
-0.537481 -0.417543 
-0.531195 -0.486840 
-0.524908 -0.491813 
-0.518622 -0.379052 
-0.512336 -0.378892 
-0.506049 -0.390836 
-0.499763 -0.369853 
-0.493477 -0.443239 
-0.487190 -0.348896 
-0.480904 -0.316395 
-0.474618 -0.393977 
-0.468331 -0.414540 
-0.462045 -0.373761 
-0.455759 -0.339798 
-0.449472 -0.306634 
-0.443186 -0.287022 
-0.436900 -0.403823 
-0.430614 -0.312932 
-0.424327 -0.399695 
-0.418041 -0.390436 
-0.411755 -0.380538 
-0.405468 -0.317191 
-0.399182 -0.316397 
-0.392896 -0.315982 
-0.386609 -0.257324 
-0.380323 -0.291880 
-0.374037 -0.265049 
-0.367750 -0.287016 
-0.361464 -0.303741 
-0.355178 -0.308937 
-0.348891 -0.195801 
-0.342605 -0.296288 
-0.336319 -0.211523 
-0.330032 -0.249513 
-0.323746 -0.270002 
-0.317460 -0.219712 
-0.311173 -0.305142 
-0.304887 -0.290745 
-0.298601 -0.156179 
-0.292314 -0.152245 
-0.286028 -0.157413 
-0.279742 -0.139056 
-0.273455 -0.168186 
-0.267169 -0.147443 
-0.260883 -0.153883 
-0.254596 -0.222026 
-0.248310 -0.177908 
-0.242024 -0.121335 
-0.235737 -0.233271 
-0.229451 -0.144106 
-0.223165 -0.156330 
-0.216878 -0.206420 
-0.210592 -0.142745 
-0.204306 -0.076948 
-0.198019 -0.103989 
-0.191733 -0.079321 
-0.185447 -0.044040 
-0.179160 -0.129407 
-0.172874 -0.060116 
-0.166588 -0.034884 
-0.160301 -0.094623 
-0.154015 -0.075173 
-0.147729 -0.049293 
-0.141442 -0.070620 
-0.135156 -0.107250 
-0.128870 -0.094613 
-0.122583 -0.060483 
-0.116297 -0.113741 
-0.110011 0.002812 
-0.103724 -0.094220 
-0.097438 -0.032531 
-0.091152 -0.009609 
-0.084865 0.006759 
-0.078579 -0.013063 
-0.072293 -0.060070 
-0.066006 -0.023365 
-0.059720 -0.048701 
-0.053434 0.056088 
-0.047147 0.004826 
-0.040861 0.056981 
-0.034575 0.037696 
-0.028288 0.029104 
-0.022002 0.027033 
-0.015716 -0.000259 
-0.009429 0.046133 
-0.003143 0.053473 
0.003143 0.075413 
0.009429 0.128772 
0.015716 0.119424 
0.022002 0.149469 
0.028288 0.105127 
0.034575 0.162823 
0.040861 0.110666 
0.047147 0.086857 
0.053434 0.147831 
0.059720 0.144095 
0.066006 0.147132 
0.072293 0.131227 
0.078579 0.141568 
0.084865 0.105332 
0.091152 0.134852 
0.097438 0.098382 
0.103724 0.243444 
0.110011 0.201178 
0.116297 0.249812 
0.122583 0.185400 
0.128870 0.188541 
0.135156 0.217835 
0.141442 0.230410 
0.147729 0.223134 
0.154015 0.241488 
0.160301 0.179539 
0.166588 0.280058 
0.172874 0.269686 
0.179160 0.230867 
0.185447 0.231275 
0.191733 0.231698 
0.198019 0.219157 
0.204306 0.253039 
0.210592 0.333994 
0.216878 0.250219 
0.223165 0.231703 
0.229451 0.301652 
0.235737 0.251883 
0.242024 0.300061 
0.248310 0.259448 
0.254596 0.359937 
0.260883 0.309285 
0.267169 0.348948 
0.273455 0.368237 
0.279742 0.373982 
0.286028 0.387272 
0.292314 0.333335 
0.298601 0.307003 
0.304887 0.395201 
0.311173 0.346141 
0.317460 0.446292 
0.323746 0.363160 
0.330032 0.431332 
0.336319 0.379567 
0.342605 0.390673 
0.348891 0.430708 
0.355178 0.483535 
0.361464 0.393323 
0.367750 0.501991 
0.374037 0.476185 
0.380323 0.371889 
0.386609 0.504661 
0.392896 0.487201 
0.399182 0.473029 
0.405468 0.445106 
0.411755 0.450138 
0.418041 0.417569 
0.424327 0.480453 
0.430614 0.516007 
0.436900 0.508926 
0.443186 0.489136 
0.449472 0.574696 
0.455759 0.494224 
0.462045 0.587937 
0.468331 0.455917 
0.474618 0.523163 
0.480904 0.567687 
0.487190 0.573594 
0.493477 0.550216 
0.499763 0.571054 
0.506049 0.596681 
0.512336 0.610430 
0.518622 0.546193 
0.524908 0.585748 
0.531195 0.634854 
0.537481 0.600348 
0.543767 0.593600 
0.550054 0.650748 
0.556340 0.630652 
0.562626 0.549360 
0.568913 0.614010 
0.575199 0.546877 
0.581485 0.615657 
0.587772 0.690584 
0.594058 0.566429 
0.600344 0.706705 
0.606631 0.597160 
0.612917 0.630742 
0.619203 0.611172 
0.625490 0.599832 
0.631776 0.655490 
0.638062 0.637274 
0.644349 0.615807 
0.650635 0.680530 
0.656921 0.646537 
0.663208 0.668088 
0.669494 0.704329 
0.675780 0.707716 
0.682067 0.693590 
0.688353 0.693091 
0.694639 0.697208 
0.700926 0.687035 
0.707212 0.676704 
0.713498 0.673575 
0.719785 0.661576 
0.726071 0.776900 
0.732357 0.744368 
0.738644 0.781602 
0.744930 0.792085 
0.751216 0.722871 
0.757503 0.716152 
0.763789 0.701285 
0.770075 0.759995 
0.776362 0.806010 
0.782648 0.851757 
0.788934 0.792340 
0.795221 0.720589 
0.801507 0.805727 
0.807793 0.764520 
0.814080 0.808423 
0.820366 0.797894 
0.826652 0.753249 
0.832939 0.796903 
0.839225 0.858850 
0.845511 0.886066 
0.851798 0.856370 
0.858084 0.902185 
0.864370 0.779611 
0.870656 0.861714 
0.876943 0.826815 
0.883229 0.857144 
0.889515 0.806519 
0.895802 0.839799 
0.902088 0.835660 
0.908374 0.841977 
0.914661 0.848312 
0.920947 0.813480 
0.927233 0.875144 
0.933520 0.926256 
0.939806 0.858970 
0.946092 0.885917 
0.952379 0.832500 
0.958665 0.904753 
0.964951 0.899341 
0.971238 0.878876 
0.977524 0.958618 
0.983810 0.884216 
0.990097 0.904611 
0.996383 0.875225 
1.002669 0.958585 
1.008956 0.887287 
1.015242 0.928359 
1.021528 0.932574 
1.027815 0.987180 
1.034101 1.000045 
1.040387 0.869908 
1.046674 1.012590 
1.052960 0.963741 
1.059246 0.882882 
1.065533 0.906820 
1.071819 0.932055 
1.078105 0.945065 
1.084392 0.997741 
1.090678 1.024303 
1.096964 0.984287 
1.103251 1.036063 
1.109537 1.008760 
1.115823 0.977190 
1.122110 1.028534 
1.128396 1.026131 
1.134682 0.926220 
1.140969 1.023146 
1.147255 1.004224 
1.153541 0.973852 
1.159828 1.042925 
1.166114 0.924975 
1.172400 0.936115 
1.178687 1.066320 
1.184973 0.985891 
1.191259 1.008676 
1.197546 1.066693 
1.203832 0.984426 
1.210118 1.035242 
1.216405 1.046962 
1.222691 0.973473 
1.228977 1.025465 
1.235264 1.012520 
1.241550 1.037826 
1.247836 1.029899 
1.254123 1.028030 
1.260409 0.995122 
1.266695 1.085969 
1.272982 1.096461 
1.279268 1.078737 
1.285554 1.104956 
1.291841 1.039979 
1.298127 0.979986 
1.304413 1.062264 
1.310699 0.994998 
1.316986 1.096503 
1.323272 1.110950 
1.329558 0.986560 
1.335845 1.016991 
1.342131 1.093825 
1.348417 1.041633 
1.354704 1.050621 
1.360990 0.982499 
1.367276 1.065258 
1.373563 1.066482 
1.379849 1.093079 
1.386135 0.994489 
1.392422 1.102208 
1.398708 1.014254 
1.404994 1.065925 
1.411281 1.125924 
1.417567 1.136192 
1.423853 1.135517 
1.430140 1.035839 
1.436426 1.104032 
1.442712 1.022762 
1.448999 1.121799 
1.455285 1.092013 
1.461571 1.009372 
1.467858 1.081776 
1.474144 1.139856 
1.480430 1.122651 
1.486717 1.109433 
1.493003 1.102433 
1.499289 1.034438 
1.505576 1.003865 
1.511862 1.067581 
1.518148 1.016220 
1.524435 1.023168 
1.530721 1.062160 
1.537007 1.099347 
1.543294 1.145595 
1.549580 1.041723 
1.555866 1.079597 
1.562153 1.139567 
1.568439 1.024997 
1.574725 1.118380 
1.581012 1.015393 
1.587298 1.132407 
1.593584 1.078076 
1.599871 1.145696 
1.606157 1.112791 
1.612443 1.107518 
1.618730 0.999242 
1.625016 1.029373 
1.631302 1.037225 
1.637589 1.009763 
1.643875 1.107630 
1.650161 1.120250 
1.656448 1.047843 
1.662734 1.016197 
1.669020 1.095063 
1.675307 1.119110 
1.681593 1.094911 
1.687879 1.014072 
1.694166 1.049224 
1.700452 1.093361 
1.706738 1.068163 
1.713025 1.136611 
1.719311 1.029151 
1.725597 1.118079 
1.731883 1.043117 
1.738170 1.006520 
1.744456 0.997363 
1.750742 1.094677 
1.757029 1.038519 
1.763315 1.038603 
1.769601 1.025629 
1.775888 1.023221 
1.782174 1.016715 
1.788460 1.045926 
1.794747 1.123206 
1.801033 1.031374 
1.807319 1.113644 
1.813606 0.995717 
1.819892 1.107886 
1.826178 1.080717 
1.832465 1.094450 
1.838751 1.054672 
1.845037 0.978736 
1.851324 1.029230 
1.857610 1.057339 
1.863896 0.965983 
1.870183 0.958707 
1.876469 0.997115 
1.882755 1.091456 
1.889042 1.026889 
1.895328 1.079095 
1.901614 1.002492 
1.907901 1.076393 
1.914187 1.021835 
1.920473 1.073374 
1.926760 0.952726 
1.933046 0.966909 
1.939332 1.038097 
1.945619 0.984775 
1.951905 0.928462 
1.958191 0.983543 
1.964478 0.971525 
1.970764 0.980075 
1.977050 0.945795 
1.983337 0.947512 
1.989623 1.002625 
1.995909 1.000162 
2.002196 0.934252 
2.008482 1.045685 
2.014768 0.911485 
2.021055 0.930593 
2.027341 0.973819 
2.033627 1.008674 
2.039914 0.913876 
2.046200 1.028769 
2.052486 0.949505 
2.058773 0.891758 
2.065059 0.981449 
2.071345 0.919291 
2.077632 0.991298 
2.083918 1.015643 
2.090204 0.971350 
2.096491 0.939739 
2.102777 0.876659 
2.109063 0.901761 
2.115350 0.936076 
2.121636 0.853785 
2.127922 0.891205 
2.134209 0.933873 
2.140495 0.867871 
2.146781 0.864171 
2.153068 0.936667 
2.159354 0.917182 
2.165640 0.910987 
2.171926 0.969813 
2.178213 0.915389 
2.184499 0.866204 
2.190785 0.892037 
2.197072 0.939957 
2.203358 0.955632 
2.209644 0.928556 
2.215931 0.851128 
2.222217 0.907635 
2.228503 0.932308 
2.234790 0.887750 
2.241076 0.855828 
2.247362 0.822652 
2.253649 0.865049 
2.259935 0.822255 
2.266221 0.911714 
2.272508 0.830050 
2.278794 0.903965 
2.285080 0.857020 
2.291367 0.857341 
2.297653 0.890921 
2.303939 0.884056 
2.310226 0.863917 
2.316512 0.757889 
2.322798 0.854888 
2.329085 0.795635 
2.335371 0.766480 
2.341657 0.795807 
2.347944 0.837661 
2.354230 0.789364 
2.360516 0.743019 
2.366803 0.752672 
2.373089 0.723071 
2.379375 0.743125 
2.385662 0.714424 
2.391948 0.806732 
2.398234 0.734387 
2.404521 0.673548 
2.410807 0.713809 
2.417093 0.788273 
2.423380 0.700241 
2.429666 0.770495 
2.435952 0.728249 
2.442239 0.666811 
2.448525 0.717688 
2.454811 0.676538 
2.461098 0.736408 
2.467384 0.734438 
2.473670 0.686802 
2.479957 0.641720 
2.486243 0.629768 
2.492529 0.645356 
2.498816 0.694767 
2.505102 0.715305 
2.511388 0.689492 
2.517675 0.627208 
2.523961 0.600472 
2.530247 0.610851 
2.536534 0.672595 
2.542820 0.574391 
2.549106 0.633225 
2.555393 0.701099 
2.561679 0.683687 
2.567965 0.628964 
2.574252 0.652369 
2.580538 0.644095 
2.586824 0.631046 
2.593110 0.622990 
2.599397 0.558378 
2.605683 0.597903 
2.611969 0.598039 
2.618256 0.621909 
2.624542 0.496716 
2.630828 0.520997 
2.637115 0.631531 
2.643401 0.600438 
2.649687 0.567118 
2.655974 0.569078 
2.662260 0.582420 
2.668546 0.497549 
2.674833 0.549741 
2.681119 0.448771 
2.687405 0.520389 
2.693692 0.512420 
2.699978 0.558374 
2.706264 0.449849 
2.712551 0.555719 
2.718837 0.556728 
2.725123 0.454215 
2.731410 0.492333 
2.737696 0.472063 
2.743982 0.456078 
2.750269 0.435197 
2.756555 0.425734 
2.762841 0.382240 
2.769128 0.422473 
2.775414 0.393952 
2.781700 0.425114 
2.787987 0.451297 
2.794273 0.360969 
2.800559 0.458431 
2.806846 0.468038 
2.813132 0.446896 
2.819418 0.389373 
2.825705 0.409626 
2.831991 0.373139 
2.838277 0.361455 
2.844564 0.297825 
2.850850 0.425691 
2.857136 0.287143 
2.863423 0.346006 
2.869709 0.326409 
2.875995 0.342594 
2.882282 0.406140 
2.888568 0.385705 
2.894854 0.246456 
2.901141 0.355219 
2.907427 0.304825 
2.913713 0.284445 
2.920000 0.343248 
2.926286 0.344810 
2.932572 0.357255 
2.938859 0.230697 
2.945145 0.325682 
2.951431 0.235141 
2.957718 0.244526 
2.964004 0.299108 
2.970290 0.225704 
2.976577 0.228201 
2.982863 0.171747 
2.989149 0.251978 
2.995436 0.255334 
3.001722 0.184538 
3.008008 0.183887 
3.014295 0.237103 
3.020581 0.268535 
3.026867 0.219290 
3.033153 0.121717 
3.039440 0.172586 
3.045726 0.191024 
3.052012 0.168251 
3.058299 0.104398 
3.064585 0.118259 
3.070871 0.218728 
3.077158 0.183640 
3.083444 0.198116 
3.089730 0.104095 
3.096017 0.076930 
3.102303 0.141334 
3.108589 0.086311 
3.114876 0.092470 
3.121162 0.156746 
3.127448 0.139182 
3.133735 0.066565 
3.140021 0.111668 
3.146307 0.038884 
3.152594 0.032820 
3.158880 0.027233 
3.165166 -0.019845 
3.171453 0.107821 
3.177739 0.066766 
3.184025 -0.007278 
3.190312 0.025903 
3.196598 0.063610 
3.202884 -0.004218 
3.209171 -0.034739 
3.215457 0.034603 
3.221743 0.035860 
3.228030 0.017663 
3.234316 0.000361 
3.240602 0.015497 
3.246889 -0.028379 
3.253175 -0.061940 
3.259461 -0.117394 
3.265748 -0.036740 
3.272034 -0.104296 
3.278320 -0.107066 
3.284607 -0.119979 
3.290893 -0.072933 
3.297179 -0.152352 
3.303466 -0.090486 
3.309752 -0.160456 
3.316038 -0.107222 
3.322325 -0.155216 
3.328611 -0.100115 
3.334897 -0.069355 
3.341184 -0.185467 
3.347470 -0.169501 
3.353756 -0.173669 
3.360043 -0.163927 
3.366329 -0.161487 
3.372615 -0.211837 
3.378902 -0.174006 
3.385188 -0.139804 
3.391474 -0.165836 
3.397761 -0.199806 
3.404047 -0.160213 
3.410333 -0.163712 
3.416620 -0.251839 
3.422906 -0.211675 
3.429192 -0.143072 
3.435479 -0.204140 
3.441765 -0.209039 
3.448051 -0.186994 
3.454337 -0.270629 
3.460624 -0.209568 
3.466910 -0.275380 
3.473196 -0.239955 
3.479483 -0.236277 
3.485769 -0.277588 
3.492055 -0.306000 
3.498342 -0.208930 
3.504628 -0.287778 
3.510914 -0.281215 
3.517201 -0.271613 
3.523487 -0.272461 
3.529773 -0.312653 
3.536060 -0.358368 
3.542346 -0.285955 
3.548632 -0.257154 
3.554919 -0.346067 
3.561205 -0.311588 
3.567491 -0.279688 
3.573778 -0.346415 
3.580064 -0.330083 
3.586350 -0.360487 
3.592637 -0.419529 
3.598923 -0.424587 
3.605209 -0.431002 
3.611496 -0.385940 
3.617782 -0.317569 
3.624068 -0.368902 
3.630355 -0.330083 
3.636641 -0.465643 
3.642927 -0.434556 
3.649214 -0.343635 
3.655500 -0.490029 
3.661786 -0.471874 
3.668073 -0.389202 
3.674359 -0.382845 
3.680645 -0.422444 
3.686932 -0.441020 
3.693218 -0.382644 
3.699504 -0.418235 
3.705791 -0.429576 
3.712077 -0.428332 
3.718363 -0.414246 
3.724650 -0.405960 
3.730936 -0.408528 
3.737222 -0.423235 
3.743509 -0.523701 
3.749795 -0.562599 
3.756081 -0.453392 
3.762368 -0.554737 
3.768654 -0.581528 
3.774940 -0.476147 
3.781227 -0.515823 
3.787513 -0.552203 
3.793799 -0.520209 
3.800086 -0.483749 
3.806372 -0.520529 
3.812658 -0.558805 
3.818945 -0.544845 
3.825231 -0.604273 
3.831517 -0.601038 
3.837804 -0.610503 
3.844090 -0.607173 
3.850376 -0.509516 
3.856663 -0.559435 
3.862949 -0.536044 
3.869235 -0.606797 
3.875522 -0.644530 
3.881808 -0.563429 
3.888094 -0.548155 
3.894380 -0.630347 
3.900667 -0.661426 
3.906953 -0.543333 
3.913239 -0.553447 
3.919526 -0.678409 
3.925812 -0.566932 
3.932098 -0.647023 
3.938385 -0.681655 
3.944671 -0.699038 
3.950957 -0.684823 
3.957244 -0.646502 
3.963530 -0.720135 
3.969816 -0.647012 
3.976103 -0.736590 
3.982389 -0.676938 
3.988675 -0.699477 
3.994962 -0.611949 
4.001248 -0.712152 
4.007534 -0.697472 
4.013821 -0.666609 
4.020107 -0.712628 
4.026393 -0.753363 
4.032680 -0.763262 
4.038966 -0.735917 
4.045252 -0.662014 
4.051539 -0.695383 
4.057825 -0.762424 
4.064111 -0.650097 
4.070398 -0.735239 
4.076684 -0.679374 
4.082970 -0.727493 
4.089257 -0.808285 
4.095543 -0.814683 
4.101829 -0.701414 
4.108116 -0.755806 
4.114402 -0.783160 
4.120688 -0.700516 
4.126975 -0.735049 
4.133261 -0.794236 
4.139547 -0.743679 
4.145834 -0.804218 
4.152120 -0.820895 
4.158406 -0.795143 
4.164693 -0.773095 
4.170979 -0.718022 
4.177265 -0.747837 
4.183552 -0.841234 
4.189838 -0.866116 
4.196124 -0.850617 
4.202411 -0.735217 
4.208697 -0.774988 
4.214983 -0.861755 
4.221270 -0.737771 
4.227556 -0.866845 
4.233842 -0.813803 
4.240129 -0.836345 
4.246415 -0.822884 
4.252701 -0.887374 
4.258988 -0.849461 
4.265274 -0.862020 
4.271560 -0.867511 
4.277847 -0.764911 
4.284133 -0.904825 
4.290419 -0.776361 
4.296706 -0.859566 
4.302992 -0.817980 
4.309278 -0.776801 
4.315564 -0.908174 
4.321851 -0.821907 
4.328137 -0.865213 
4.334423 -0.912649 
4.340710 -0.857944 
4.346996 -0.864751 
4.353282 -0.804652 
4.359569 -0.839366 
4.365855 -0.898861 
4.372141 -0.844097 
4.378428 -0.847939 
4.384714 -0.812210 
4.391000 -0.816447 
4.397287 -0.900489 
4.403573 -0.888644 
4.409859 -0.834021 
4.416146 -0.817976 
4.422432 -0.828248 
4.428718 -0.885087 
4.435005 -0.874103 
4.441291 -0.824764 
4.447577 -0.940224 
4.453864 -0.910614 
4.460150 -0.929445 
4.466436 -0.845334 
4.472723 -0.960891 
4.479009 -0.930736 
4.485295 -0.891068 
4.491582 -0.882876 
4.497868 -0.915610 
4.504154 -0.939633 
4.510441 -0.917166 
4.516727 -0.923611 
4.523013 -0.967672 
4.529300 -0.963593 
4.535586 -0.892926 
4.541872 -0.887068 
4.548159 -0.860395 
4.554445 -0.912580 
4.560731 -0.942442 
4.567018 -0.963988 
4.573304 -0.983028 
4.579590 -0.957323 
4.585877 -0.936962 
4.592163 -0.907605 
4.598449 -0.908059 
4.604736 -0.877394 
4.611022 -0.906331 
4.617308 -0.978884 
4.623595 -0.899959 
4.629881 -0.985795 
4.636167 -0.942220 
4.642454 -0.954460 
4.648740 -0.886759 
4.655026 -0.988307 
4.661313 -0.885121 
4.667599 -0.962890 
4.673885 -0.964622 
4.680172 -0.997683 
4.686458 -0.979793 
4.692744 -0.968399 
4.699031 -0.967783 
4.705317 -0.864106 
4.711603 -0.958334 
4.717890 -0.985420 
4.724176 -0.882507 
4.730462 -0.899709 
4.736749 -0.907802 
4.743035 -0.947962 
4.749321 -0.895767 
4.755607 -0.964032 
4.761894 -0.952570 
4.768180 -0.944849 
4.774466 -0.965569 
4.780753 -0.896072 
4.787039 -0.886813 
4.793325 -0.995224 
4.799612 -0.942811 
4.805898 -0.959638 
4.812184 -0.855883 
4.818471 -0.879931 
4.824757 -0.936785 
4.831043 -0.890075 
4.837330 -0.887374 
4.843616 -0.902842 
4.849902 -0.846252 
4.856189 -0.872477 
4.862475 -0.907994 
4.868761 -0.973678 
4.875048 -0.853899 
4.881334 -0.947138 
4.887620 -0.915160 
4.893907 -0.933951 
4.900193 -0.868901 
4.906479 -0.860796 
4.912766 -0.859524 
4.919052 -0.847226 
4.925338 -0.964291 
4.931625 -0.875877 
4.937911 -0.899314 
4.944197 -0.922918 
4.950484 -0.883505 
4.956770 -0.917497 
4.963056 -0.937739 
4.969343 -0.927845 
4.975629 -0.950755 
4.981915 -0.941388 
4.988202 -0.914051 
4.994488 -0.871315 
5.000774 -0.935644 
5.007061 -0.947504 
5.013347 -0.953886 
5.019633 -0.837032 
5.025920 -0.848944 
5.032206 -0.931218 
5.038492 -0.839410 
5.044779 -0.920987 
5.051065 -0.925171 
5.057351 -0.838915 
5.063638 -0.917220 
5.069924 -0.928088 
5.076210 -0.914303 
5.082497 -0.930071 
5.088783 -0.901629 
5.095069 -0.917038 
5.101356 -0.919622 
5.107642 -0.876719 
5.113928 -0.843100 
5.120215 -0.858959 
5.126501 -0.766195 
5.132787 -0.846986 
5.139074 -0.887627 
5.145360 -0.791016 
5.151646 -0.793892 
5.157933 -0.889230 
5.164219 -0.829086 
5.170505 -0.852963 
5.176791 -0.833062 
5.183078 -0.826721 
5.189364 -0.757698 
5.195650 -0.779397 
5.201937 -0.880401 
5.208223 -0.875885 
5.214509 -0.841015 
5.220796 -0.783781 
5.227082 -0.731514 
5.233368 -0.817170 
5.239655 -0.797731 
5.245941 -0.846135 
5.252227 -0.750519 
5.258514 -0.746298 
5.264800 -0.733891 
5.271086 -0.706640 
5.277373 -0.837462 
5.283659 -0.721162 
5.289945 -0.767781 
5.296232 -0.792480 
5.302518 -0.824161 
5.308804 -0.709222 
5.315091 -0.688939 
5.321377 -0.703875 
5.327663 -0.690998 
5.333950 -0.761308 
5.340236 -0.780615 
5.346522 -0.748820 
5.352809 -0.763395 
5.359095 -0.794853 
5.365381 -0.750277 
5.371668 -0.754371 
5.377954 -0.756180 
5.384240 -0.730438 
5.390527 -0.698170 
5.396813 -0.756136 
5.403099 -0.741883 
5.409386 -0.693481 
5.415672 -0.701672 
5.421958 -0.648405 
5.428245 -0.709546 
5.434531 -0.629321 
5.440817 -0.609172 
5.447104 -0.627256 
5.453390 -0.687661 
5.459676 -0.625635 
5.465963 -0.724209 
5.472249 -0.632589 
5.478535 -0.703760 
5.484822 -0.708625 
5.491108 -0.703532 
5.497394 -0.703452 
5.503681 -0.559612 
5.509967 -0.619660 
5.516253 -0.580491 
5.522540 -0.600917 
5.528826 -0.573986 
5.535112 -0.632315 
5.541399 -0.548387 
5.547685 -0.596911 
5.553971 -0.649059 
5.560258 -0.539742 
5.566544 -0.556832 
5.572830 -0.594836 
5.579117 -0.539503 
5.585403 -0.579726 
5.591689 -0.629300 
5.597976 -0.545086 
5.604262 -0.583131 
5.610548 -0.561616 
5.616834 -0.530208 
5.623121 -0.565825 
5.629407 -0.586086 
5.635693 -0.454458 
5.641980 -0.582038 
5.648266 -0.542974 
5.654552 -0.582346 
5.660839 -0.444582 
5.667125 -0.521853 
5.673411 -0.424308 
5.679698 -0.485999 
5.685984 -0.477833 
5.692270 -0.528936 
5.698557 -0.519565 
5.704843 -0.473840 
5.711129 -0.508437 
5.717416 -0.395535 
5.723702 -0.489105 
5.729988 -0.382444 
5.736275 -0.397811 
5.742561 -0.462231 
5.748847 -0.506030 
5.755134 -0.452699 
5.761420 -0.440752 
5.767706 -0.478958 
5.773993 -0.342085 
5.780279 -0.453467 
5.786565 -0.451763 
5.792852 -0.394866 
5.799138 -0.389130 
5.805424 -0.452070 
5.811711 -0.399149 
5.817997 -0.360872 
5.824283 -0.293751 
5.830570 -0.372050 
5.836856 -0.327258 
5.843142 -0.423507 
5.849429 -0.397402 
5.855715 -0.279639 
5.862001 -0.401885 
5.868288 -0.398697 
5.874574 -0.311169 
5.880860 -0.340498 
5.887147 -0.352872 
5.893433 -0.244361 
5.899719 -0.271674 
5.906006 -0.312553 
5.912292 -0.302281 
5.918578 -0.325837 
5.924865 -0.315047 
5.931151 -0.212154 
5.937437 -0.200714 
5.943724 -0.215732 
5.950010 -0.290758 
5.956296 -0.233559 
5.962583 -0.284860 
5.968869 -0.290106 
5.975155 -0.200032 
5.981442 -0.160575 
5.987728 -0.178536 
5.994014 -0.161722 
6.000301 -0.245359 
6.006587 -0.215073 
6.012873 -0.204229 
6.019160 -0.120601 
6.025446 -0.239062 
6.031732 -0.169118 
6.038018 -0.149539 
6.044305 -0.194564 
6.050591 -0.200838 
6.056877 -0.163123 
6.063164 -0.163860 
6.069450 -0.187826 
6.075736 -0.071935 
6.082023 -0.133737 
6.088309 -0.093099 
6.094595 -0.155910 
6.100882 -0.110623 
6.107168 -0.167623 
6.113454 -0.094527 
6.119741 -0.122260 
6.126027 -0.053886 
6.132313 -0.038101 
6.138600 -0.085336 
6.144886 -0.054035 
6.151172 -0.021793 
6.157459 -0.033652 
6.163745 -0.031972 
6.170031 -0.102322 
6.176318 -0.050527 
6.182604 -0.095373 
6.188890 -0.033234 
6.195177 0.010799 
6.201463 0.004655 
6.207749 0.071029 
6.214036 -0.002849 
6.220322 0.053854 
6.226608 0.028872 
6.232895 -0.047104 
6.239181 0.032851 
6.245467 0.023424 
6.251754 0.001549 
6.258040 0.009426 
6.264326 0.046925 
6.270613 0.125412 
6.276899 0.041569 
6.283185 0.042650 
